	Each value is multiplied by 100000 times for better view. So to get frequency you have to divide value for 100000.
         à        á        â        ã        ä        å        æ        ç        è        é        ê        ë        ì        í        î        ï        ð        ñ        ò        ó        ô        õ        ö        ÷        ø        ù        ú        û        ü        ý        þ        ÿ 
à  43.4741  77.2872  304.318  86.9481  241.523  140.083  82.1177  207.709  57.9654   9.6609  347.792  415.419  367.114  454.062  82.1177  154.574  333.301  313.979  294.658  24.1523   9.6609  115.931  38.6436  82.1177  91.7786   9.6609        0        0        0  28.9827  62.7959  101.439 
á  33.8132        0  4.83045        0  4.83045  101.439        0        0  67.6263        0   9.6609  48.3045  4.83045  14.4914  140.083  4.83045   53.135   9.6609        0   106.27        0        0        0        0        0  38.6436  19.3218  149.744        0        0        0   9.6609 
â   318.81   9.6609  14.4914  33.8132  28.9827  251.183        0   9.6609   212.54        0  62.7959   53.135  62.7959   53.135   318.81  72.4568  72.4568  188.388  48.3045        0        0   9.6609        0   9.6609  24.1523        0        0  120.761        0  14.4914        0   9.6609 
ã  77.2872        0  4.83045   9.6609  72.4568  14.4914        0        0  48.3045        0   9.6609  67.6263        0  24.1523  309.149  4.83045  149.744        0  4.83045  43.4741        0        0        0        0        0        0        0        0        0        0  4.83045        0 
ä  396.097        0  48.3045        0   9.6609  256.014        0        0  169.066        0   9.6609  28.9827   9.6609  260.844  227.031  4.83045  43.4741  24.1523   9.6609  38.6436        0  19.3218        0        0        0        0        0  43.4741   9.6609  4.83045        0  38.6436 
å  72.4568   96.609  202.879  193.218  135.253  38.6436  19.3218  120.761   53.135  72.4568  125.592  236.692  270.505  400.927  77.2872  193.218  396.097  396.097  391.267  19.3218        0  62.7959  4.83045  72.4568  43.4741  72.4568        0        0        0  14.4914        0  4.83045 
æ  67.6263        0        0        0  38.6436  178.727  4.83045        0  57.9654        0  4.83045        0  4.83045  91.7786  4.83045        0        0        0        0  38.6436        0        0        0        0        0        0        0        0        0        0        0        0 
ç  256.014  4.83045  38.6436  24.1523  62.7959  24.1523  14.4914   9.6609  24.1523        0  19.3218  14.4914  4.83045  77.2872  33.8132  19.3218  4.83045   9.6609        0  24.1523        0  4.83045        0        0        0        0  4.83045  19.3218   9.6609  4.83045        0  24.1523 
è   9.6609    111.1   212.54  62.7959  149.744  120.761  14.4914  86.9481  120.761   106.27  125.592  294.658   212.54  352.623  120.761  135.253  72.4568  193.218  260.844  24.1523   9.6609   96.609  19.3218  178.727  28.9827  4.83045        0        0        0  4.83045  14.4914  43.4741 
é  19.3218  4.83045  19.3218   9.6609  14.4914  4.83045        0  4.83045  19.3218        0  62.7959  4.83045  14.4914  43.4741  33.8132  38.6436  14.4914  14.4914  33.8132        0  4.83045  4.83045        0  4.83045  14.4914        0        0        0        0        0        0        0 
ê  434.741  19.3218  48.3045  4.83045  4.83045  72.4568  4.83045  4.83045  289.827        0  33.8132  48.3045  14.4914  33.8132  463.723  43.4741  135.253  19.3218  28.9827  130.422        0        0  14.4914   9.6609   9.6609        0        0        0        0        0        0   9.6609 
ë  207.709  4.83045  4.83045  4.83045  14.4914  169.066  19.3218  4.83045  487.876        0  19.3218  24.1523  14.4914   53.135  280.166  33.8132   9.6609  67.6263  14.4914  82.1177        0  4.83045        0  24.1523        0        0        0  57.9654  275.336        0  67.6263  91.7786 
ì  222.201  19.3218  33.8132   9.6609  24.1523  231.862  4.83045   9.6609  207.709        0  33.8132   9.6609  43.4741  149.744  299.488  82.1177  14.4914   53.135  14.4914  86.9481        0        0        0  4.83045   9.6609        0        0    111.1  4.83045   9.6609        0  43.4741 
í  903.294        0  4.83045  14.4914   9.6609  541.011        0   9.6609  381.606        0   9.6609        0  4.83045  115.931   748.72  28.9827  14.4914  38.6436  115.931  140.083   9.6609  4.83045  38.6436        0  4.83045        0        0   212.54   96.609  4.83045   9.6609  115.931 
î  24.1523  256.014  507.197  289.827  483.045  115.931   106.27  101.439  125.592  164.235  265.675  313.979   429.91  333.301  101.439  256.014  454.062  444.402   425.08  24.1523  19.3218  43.4741  24.1523  202.879  82.1177   9.6609        0        0        0  19.3218   9.6609  72.4568 
ï  169.066        0        0        0        0  188.388        0        0  57.9654        0  14.4914  43.4741        0        0  618.298  4.83045  371.945        0        0  57.9654        0        0        0        0        0        0        0  4.83045  4.83045        0        0  33.8132 
ð  492.706  4.83045  28.9827  19.3218  24.1523  367.114  4.83045  4.83045  275.336        0  28.9827   9.6609  24.1523  77.2872  521.689  24.1523   9.6609   53.135    111.1  159.405        0   9.6609        0        0  24.1523        0        0  57.9654   9.6609        0  14.4914  43.4741 
ñ  62.7959  28.9827  43.4741        0   9.6609  198.048        0  4.83045  125.592        0  178.727  120.761  48.3045  67.6263  198.048  86.9481  24.1523  28.9827  560.332  144.914        0  19.3218        0  14.4914        0        0        0  28.9827  115.931        0        0  260.844 
ò  362.284  14.4914  101.439  4.83045  19.3218  280.166        0   9.6609  280.166        0   53.135  38.6436  33.8132   106.27  830.838  67.6263   212.54  169.066   53.135   106.27  4.83045  4.83045        0  14.4914   9.6609        0        0  57.9654  400.927  4.83045  4.83045  24.1523 
ó  28.9827   53.135   53.135  62.7959  183.557  24.1523  86.9481  62.7959  28.9827  14.4914  67.6263  67.6263  48.3045   53.135  19.3218  48.3045  48.3045  101.439  140.083        0  14.4914  28.9827        0  77.2872  14.4914  4.83045        0        0        0  19.3218  19.3218        0 
ô  14.4914        0        0        0        0  4.83045        0        0  33.8132        0  4.83045  4.83045        0        0  28.9827        0   9.6609        0        0        0        0        0        0        0        0        0        0        0        0        0        0        0 
õ  77.2872        0  4.83045  4.83045   9.6609        0        0   9.6609  38.6436        0  14.4914   9.6609  24.1523  48.3045  202.879  33.8132  28.9827  4.83045  33.8132  14.4914  4.83045  4.83045        0  4.83045   9.6609        0        0        0        0  4.83045        0        0 
ö  24.1523        0  14.4914        0        0  33.8132        0        0  67.6263        0  4.83045        0  28.9827  4.83045  4.83045        0        0        0  4.83045        0        0        0        0        0        0        0        0   9.6609        0        0        0        0 
÷  135.253        0  4.83045        0        0  246.353        0        0  77.2872        0  24.1523        0        0   53.135  4.83045        0        0        0  144.914  28.9827        0        0        0        0  4.83045        0        0        0  14.4914        0        0        0 
ø  19.3218        0  28.9827        0        0  86.9481        0        0  72.4568        0  14.4914  62.7959        0  48.3045  14.4914        0  28.9827        0  4.83045  24.1523        0        0        0        0        0        0        0        0  24.1523        0        0        0 
ù  14.4914        0        0        0        0  62.7959        0        0  19.3218        0        0        0        0  4.83045        0        0        0        0        0        0        0        0        0        0        0        0        0        0        0        0        0        0 
ú        0        0        0        0        0  14.4914        0        0        0        0        0        0        0        0        0        0        0        0        0        0        0        0        0        0        0        0        0        0        0        0        0        0 
û  14.4914  14.4914  91.7786  38.6436  28.9827  135.253  4.83045  4.83045  14.4914    111.1  33.8132   96.609  67.6263  62.7959  14.4914   96.609  14.4914  62.7959  28.9827  14.4914        0   53.135        0  4.83045  38.6436        0        0        0        0        0        0   9.6609 
ü  14.4914  24.1523  72.4568   9.6609  4.83045  19.3218        0  19.3218   53.135        0  86.9481  14.4914  19.3218  120.761  38.6436  43.4741  4.83045    111.1  28.9827   9.6609   9.6609        0  4.83045  24.1523  33.8132        0        0        0        0  4.83045  14.4914   9.6609 
ý        0        0        0        0        0        0        0        0        0        0  38.6436   9.6609        0        0        0        0   9.6609        0  169.066        0        0  4.83045        0        0        0        0        0        0        0  4.83045        0        0 
þ        0   9.6609  4.83045  4.83045  19.3218        0        0   9.6609        0  4.83045   9.6609        0  19.3218  33.8132        0  4.83045  14.4914  14.4914  72.4568  4.83045        0  4.83045        0  14.4914        0  24.1523        0        0        0        0  4.83045        0 
ÿ   9.6609  24.1523   96.609  24.1523  48.3045  33.8132  14.4914  38.6436   53.135        0  48.3045  24.1523  48.3045  130.422  43.4741  57.9654  38.6436   96.609  140.083  4.83045        0   9.6609        0  33.8132        0  28.9827        0        0        0        0        0  4.83045 
